case balanced, full length ticks-ish total=5816
tot exec stall  x  y ch
1965 1015   950 13  5 r
 969  517   452  3  3 r
  84   84     0 13 14 ^
  84   84     0 13 13 x
  65   65     0 13  6 ^
  65   65     0 13  4 X
  65   65     0 11 14 W
  65   65     0  7 12 <
  65   65     0  6 14 a
  65   65     0  6 13 q
  65   65     0  6 12 v
  65   65     0  3  4 X
  65   65     0  3  2 M
  65   65     0  3  1 v
  64   64     0 15  6 <
  64   64     0 15  5 +
  64   64     0 15  4 v
  64   64     0 14  6 M
  64   64     0 14  4 1
  64   64     0 12 14 }
  64   64     0 10 14 5
  64   64     0  9 14 M
  64   64     0  8 14 b
  64   64     0  7 14 r
  52   52     0 15 13 x
  52   52     0 14 13 ]
  34   34     0  6  1 @
  33   33     0 11 13  
  33   33     0 11 12 <
  33   33     0 10 12  
  33   33     0  9 12  
  33   33     0  8 12  
  33   33     0  7  1 <
  33   33     0  5  1 W
  33   33     0  4  1 <
  32   32     0 15 12 <
  32   32     0 14 12 N
  32   32     0 13 12 s
  32   32     0 12 13 s
  32   32     0 12 12  
  32   32     0 10 13  
  32   32     0  9 13  
  32   32     0  8 13  
  32   32     0  7 13 ^
  32   32     0  7  4 ^
  32   32     0  7  3 1
  32   32     0  7  2 s
  32   32     0  6  4 X
  32   32     0  5  4 M
  32   32     0  4  4 +
  32   32     0  2  4 +
  32   32     0  2  1 s
  32   32     0  1  4 ^
  32   32     0  1  3 +
  32   32     0  1  2 +
  32   32     0  1  1 >
  29   29     0  7  8 ^
  29   29     0  7  7 W
  29   29     0  7  6 b
  29   29     0  7  5 d
  29   29     0  6  8 >
  29   29     0  6  7 /
  29   29     0  6  6 W
  29   29     0  6  5 3
  22   12    10 10 15 r
  20   20     0 15 15 <
  20   20     0 15 14 ]
  20   20     0 14 15  
  20   20     0 13 15 ^
   2    2     0  9 15 @
   1    1     0 13  3 s
   1    1     0 13  2 >
   1    1     0 12  6 @
   1    1     0 11 15 ^
   1    1     0  8 15 s
   1    1     0  7 15 0
   1    1     0  6 15 >
   1    1     0  4  8 ^
   1    1     0  4  7  
   1    1     0  4  6  
   1    1     0  3  8 >
   1    1     0  3  7 s
   1    1     0  3  6 X
   1    1     0  3  5 W
